696235 112246 850575 617882 191004 768197 733561 540035 846499 487251 252232 501097 434053 192941 455943 287539 130099 866772 103267 316421 
182711 131804 897268 173496 437754 712142 127933 194167 494940 120671 268384 602512 365715 852468 387517 364485 209263 376644 822277 719883 
107213 233236 286614 629274 669107 719942 868088 580277 514226 570852 131488 463152 977492 341169 160095 416672 825018 415941 236785 435017 
808095 328981 574067 326027 449968 451212 252905 840213 572826 837150 850862 421941 436434 748375 954058 864352 204372 563813 735584 787657 
627745 269508 333519 158792 709977 761822 488825 729144 540217 542496 166339 176738 315476 823212 858993 298661 306967 728066 523069 806292 
362098 472517 387641 254660 349359 214941 165917 389598 952401 611458 743834 896901 688896 370156 893027 613057 635764 916737 760650 190433 
888479 908148 178336 589602 287001 122924 734432 119726 803525 869263 573057 544104 355479 459422 439303 885344 938905 412266 259826 894203 
163067 761161 716371 389968 461207 965404 134968 554152 474165 442525 727593 973135 411749 407346 321119 404130 409628 861171 848724 533768 
772364 674960 429226 986287 424879 743038 915113 233758 845128 599006 301295 619479 868285 948087 109626 368009 455419 968068 291801 494226 
916312 953453 717842 744735 272606 635806 315716 896046 364510 824243 752795 286556 212510 715581 204641 654926 960970 955423 156449 269545 
259513 454980 219816 942854 991561 150269 348779 533587 777867 469187 713041 776322 451119 219995 388342 187429 604429 715551 758812 636268 
605205 100832 434279 927815 834077 232660 634496 577838 930398 952395 699414 533290 390879 198796 165600 227647 169693 301341 835852 997542 
558589 725960 463274 245593 422552 358728 644321 504518 441007 948253 296555 157326 893108 787101 508590 221366 122608 462601 222026 354708 
101537 288974 202713 815845 638210 961432 934383 934837 202715 826329 657133 534274 482352 878422 317169 674159 161967 957937 827678 719604 
184513 500752 309518 497857 502256 378057 370583 542391 237766 143860 437241 507549 705285 586723 934774 237844 197834 860997 582156 248742 
681841 516362 735671 814903 743193 105881 895077 404643 975492 238176 425457 167467 721261 232527 892122 898472 793471 112849 476880 148271 
993917 874070 867109 729276 312807 162096 196367 845822 152288 933672 997958 468372 778638 454385 381292 797087 979193 122538 468948 561920 
355001 572427 819971 104916 159654 159957 493230 332976 833864 360402 143001 335055 997149 151444 861780 245406 756684 631584 528618 583776 
778646 699079 835190 301312 690189 928145 446787 528203 901908 459600 828401 694001 463479 744239 481816 633897 532553 436743 282477 376457 
862934 476733 355214 217705 526457 506843 775303 376661 464580 489895 479586 601106 964410 483112 217051 653245 965403 536184 883300 465151 
